-6.69500e+03 
-4.26000e+03 
-1.51200e+03 
-5.98000e+02 
-2.01400e+03 
-2.16800e+03 
-1.16100e+03 
-2.17000e+02 
 4.95000e+02 
 3.34800e+03 
 7.24700e+03 
 9.04100e+03 
 7.59100e+03 
 3.70500e+03 
-6.95000e+02 
-2.94200e+03 
-3.18200e+03 
-3.55700e+03 
-3.67200e+03 
-3.59900e+03 
-3.07500e+03 
-3.03000e+03 
-1.89100e+03 
 6.65000e+02 
 3.81600e+03 
 6.86900e+03 
 8.19900e+03 
 6.07000e+03 
 1.21900e+03 
-2.67700e+03 
-4.87500e+03 
-6.38200e+03 
-6.79700e+03 
-5.79800e+03 
-4.46300e+03 
-3.92700e+03 
-3.31600e+03 
-2.27500e+03 
-7.45000e+02 
 1.28400e+03 
 2.73800e+03 
 2.61100e+03 
-1.42000e+02 
-3.25100e+03 
-6.27800e+03 
-7.73100e+03 
-7.77400e+03 
-7.59000e+03 
-6.72400e+03 
-5.69100e+03 
-5.53400e+03 
-5.10100e+03 
-1.85200e+03 
 1.15080e+04 
 2.47100e+04 
 2.28070e+04 
 1.31000e+04 
 1.96600e+03 
 1.13100e+03 
-2.61000e+03 
-5.88000e+03 
-6.40000e+03 
-5.46600e+03 
-2.30900e+03 
-1.66500e+03 
-2.95500e+03 
-8.24600e+03 
-4.42300e+03 
 4.85000e+03 
 1.22320e+04 
 1.32020e+04 
 1.07830e+04 
 9.18700e+03 
 4.40400e+03 
 2.16100e+03 
-1.55500e+03 
-3.71400e+03 
-3.83100e+03 
-8.27000e+02 
-1.07600e+03 
-6.31600e+03 
-8.61200e+03 
-7.18400e+03 
-2.52900e+03 
 1.96300e+03 
 5.94200e+03 
 6.69700e+03 
 6.15100e+03 
 5.84800e+03 
 3.76800e+03 
 1.01000e+02 
-2.73400e+03 
-1.74800e+03 
-1.08200e+03 
-1.75700e+03 
-4.07300e+03 
-6.26000e+03 
-6.88100e+03 
-4.97000e+03 
-1.62900e+03 
 7.47000e+02 
 2.64800e+03 
 4.47600e+03 
 6.34100e+03 
 6.21100e+03 
 4.37800e+03 
 2.44500e+03 
 7.40000e+02 
 8.77000e+02 
 1.28800e+03 
 1.75800e+03 
-2.55900e+03 
-3.30600e+03 
-5.93300e+03 
-5.84800e+03 
-4.49600e+03 
-2.56200e+03 
 3.61700e+03 
 4.03300e+03 
 6.59200e+03 
 6.01600e+03 
 3.98000e+03 
 2.56700e+03 
 5.96000e+02 
-2.40000e+02 
-2.29300e+03 
-3.85800e+03 
-5.37100e+03 
-6.67300e+03 
-6.40000e+03 
-4.82700e+03 
-2.46700e+03 
-6.50000e+01 
 2.47700e+03 
 2.95300e+03 
 1.82900e+03 
-2.36000e+02 
-2.82900e+03 
-4.79200e+03 
-5.68600e+03 
-5.33200e+03 
-4.96400e+03 
-4.46600e+03 
-4.42000e+03 
-4.97500e+03 
-4.75600e+03 
-4.64900e+03 
-4.77800e+03 
-6.60600e+03 
-4.66500e+03 
 6.37500e+03 
 2.46460e+04 
 2.81410e+04 
 1.97580e+04 
 3.66200e+03 
-2.91300e+03 
-6.11300e+03 
-1.06710e+04 
-1.00020e+04 
-1.02810e+04 
-4.69300e+03 
 6.07000e+02 
 4.44800e+03 
 1.32000e+02 
-4.20500e+03 
 8.21000e+02 
 7.75200e+03 
 1.45450e+04 
 1.45660e+04 
 1.37360e+04 
 7.17600e+03 
 1.59200e+03 
-2.63900e+03 
-7.63300e+03 
-1.03360e+04 
-1.01730e+04 
-4.37600e+03 
-1.36600e+03 
 2.80000e+01 
-1.40100e+03 
-2.41800e+03 
 1.50000e+01 
 3.95500e+03 
 7.81800e+03 
 6.96600e+03 
 5.96800e+03 
 4.60900e+03 
 2.87500e+03 
-1.32900e+03 
-6.55800e+03 
-9.36100e+03 
-9.13400e+03 
-5.15600e+03 
-2.15300e+03 
-3.22000e+02 
 1.61000e+02 
 1.90000e+03 
 3.54200e+03 
 3.64800e+03 
 3.60000e+03 
 3.74200e+03 
 4.52400e+03 
 4.30300e+03 
 3.32800e+03 
-9.00000e+01 
-4.73400e+03 
-7.81700e+03 
-7.34600e+03 
-3.50500e+03 
-1.02600e+03 
 2.81900e+03 
 4.03700e+03 
 4.69900e+03 
 4.67700e+03 
 3.35800e+03 
 3.19100e+03 
 7.81000e+02 
 4.54000e+02 
 4.78000e+02 
-7.15000e+02 
-2.75400e+03 
-5.39100e+03 
-5.76700e+03 
-4.44600e+03 
-2.47500e+03 
-1.83000e+02 
 1.41100e+03 
 2.51300e+03 
 2.91500e+03 
 1.79300e+03 
-1.22000e+02 
-2.40900e+03 
-4.04900e+03 
-4.50500e+03 
-4.24100e+03 
-4.15300e+03 
-4.12700e+03 
-4.04500e+03 
-2.61500e+03 
-6.25000e+02 
-5.60000e+01 
-3.44000e+02 
-1.89000e+03 
-3.61400e+03 
-5.26100e+03 
-7.39600e+03 
-8.46600e+03 
-1.03190e+04 
-8.88200e+03 
 2.11600e+03 
 2.12280e+04 
 2.94080e+04 
 2.55910e+04 
 1.11610e+04 
 2.97000e+02 
-6.23900e+03 
-1.16560e+04 
-1.35880e+04 
-1.47800e+04 
-1.05140e+04 
-2.50000e+03 
 6.58500e+03 
 7.43800e+03 
 2.57200e+03 
 1.01100e+03 
 3.39800e+03 
 9.68900e+03 
 1.35280e+04 
 1.48050e+04 
 1.04180e+04 
 5.30800e+03 
 1.06000e+03 
-4.84900e+03 
-1.10030e+04 
-1.54700e+04 
-1.36900e+04 
-8.70700e+03 
-1.68800e+03 
 3.05900e+03 
 4.61700e+03 
 5.16700e+03 
 5.60200e+03 
 6.39800e+03 
 5.15200e+03 
 3.89500e+03 
 3.07100e+03 
 3.02800e+03 
 2.07100e+03 
-7.53000e+02 
-4.82500e+03 
-9.03800e+03 
-1.04210e+04 
-9.08200e+03 
-4.53300e+03 
 3.90000e+01 
 3.38200e+03 
 5.23800e+03 
 5.87600e+03 
 6.32800e+03 
 4.89300e+03 
 2.51000e+03 
 2.02000e+02 
 6.30000e+01 
 5.19000e+02 
-5.76000e+02 
-2.41900e+03 
-4.53400e+03 
-5.13700e+03 
-4.81900e+03 
-1.01800e+03 
 3.03500e+03 
 6.62600e+03 
 7.65300e+03 
 6.30700e+03 
 4.41700e+03 
 4.52000e+02 
-1.95800e+03 
-4.47400e+03 
-4.82600e+03 
-3.75400e+03 
-2.92900e+03 
-1.97700e+03 
-1.49300e+03 
-8.08000e+02 
-1.00000e+00 
 8.90000e+02 
 2.65200e+03 
 3.25000e+03 
 2.39500e+03 
 4.87000e+02 
-2.08800e+03 
-4.64000e+03 
-6.28900e+03 
-6.25800e+03 
-5.14400e+03 
-3.82100e+03 
-1.92500e+03 
-1.82000e+02 
 1.20000e+03 
 7.39000e+02 
-5.00000e+00 
-1.71400e+03 
-3.11800e+03 
-4.00700e+03 
-5.43200e+03 
-6.72900e+03 
-8.86000e+03 
-9.62900e+03 
-8.78900e+03 
-1.26900e+03 
 1.71500e+04 
 2.78200e+04 
 2.78140e+04 
 1.51020e+04 
 4.26800e+03 
-4.22500e+03 
-1.18120e+04 
-1.32940e+04 
-1.55100e+04 
-1.24780e+04 
-6.57100e+03 
 4.80700e+03 
 9.58200e+03 
 7.64800e+03 
 5.50300e+03 
 3.35400e+03 
 6.91100e+03 
 9.82100e+03 
 1.24360e+04 
 7.54200e+03 
 2.75500e+03 
 4.90000e+02 
-3.33800e+03 
-7.19600e+03 
-1.20930e+04 
-1.26270e+04 
-1.10410e+04 
-3.55800e+03 
 3.64100e+03 
 6.73500e+03 
 6.88400e+03 
 6.17600e+03 
 5.59400e+03 
 3.45300e+03 
 3.07700e+03 
 2.22200e+03 
 6.06000e+02 
-3.42000e+02 
-1.30200e+03 
-3.07300e+03 
-6.34600e+03 
-8.02100e+03 
-7.89500e+03 
-5.36800e+03 
-9.90000e+02 
 3.47800e+03 
 5.45200e+03 
 5.41600e+03 
 5.11800e+03 
 4.21500e+03 
 2.65700e+03 
 6.82000e+02 
-2.74000e+02 
-9.32000e+02 
-1.19000e+03 
-1.39300e+03 
-1.94500e+03 
-2.86500e+03 
-3.05600e+03 
-1.92000e+03 
 5.45000e+02 
 3.24700e+03 
 4.75500e+03 
 4.60000e+03 
 3.72100e+03 
 2.38300e+03 
 5.79000e+02 
-1.80700e+03 
-3.70600e+03 
-4.76400e+03 
-4.44700e+03 
-2.96500e+03 
-1.35600e+03 
-5.39000e+02 
 2.35000e+02 
 1.40500e+03 
 2.43600e+03 
 2.27600e+03 
 1.54500e+03 
 1.62000e+02 
-1.65400e+03 
-3.55400e+03 
-4.78800e+03 
-5.01300e+03 
-4.88800e+03 
-4.32600e+03 
-3.14900e+03 
-1.39000e+03 
 2.61000e+02 
 1.33200e+03 
 1.38000e+03 
 5.23000e+02 
-1.32000e+03 
-2.64900e+03 
-3.73200e+03 
-4.21600e+03 
-4.61400e+03 
-5.68700e+03 
-6.23800e+03 
-7.81100e+03 
-8.54200e+03 
-1.24900e+03 
 1.52240e+04 
 2.48570e+04 
 2.55610e+04 
 1.36260e+04 
 4.07200e+03 
-6.11600e+03 
-1.02440e+04 
-1.03900e+04 
-1.19380e+04 
-9.75900e+03 
-4.60800e+03 
 4.75500e+03 
 7.60800e+03 
 7.95400e+03 
 5.40700e+03 
 2.26700e+03 
 3.37000e+03 
 7.20200e+03 
 1.05060e+04 
 6.55800e+03 
 3.78700e+03 
-1.32500e+03 
-3.84200e+03 
-6.00200e+03 
-6.69100e+03 
-7.72600e+03 
-7.65400e+03 
-2.70300e+03 
 1.09100e+03 
 3.93100e+03 
 4.10500e+03 
 3.87900e+03 
 2.20900e+03 
 2.43100e+03 
 3.68300e+03 
 3.46500e+03 
 2.19700e+03 
 2.29000e+02 
-1.13800e+03 
-3.35100e+03 
-3.84800e+03 
-5.17100e+03 
-5.73700e+03 
-4.42800e+03 
-8.33000e+02 
 2.59900e+03 
 3.31100e+03 
 2.58200e+03 
 9.54000e+02 
 8.91000e+02 
 1.84200e+03 
 3.15300e+03 
 3.30600e+03 
 2.61100e+03 
 1.04200e+03 
-1.02600e+03 
-3.45500e+03 
-4.98200e+03 
-4.99300e+03 
-2.86300e+03 
